0.000000
0.005280
0.006756
0.007484
0.008284
0.009093
0.009893
0.010996
0.012400
0.013769
0.014507
0.015991
0.017093
0.018160
0.019893
0.020836
0.022204
0.023716
0.024640
0.026658
0.028062
0.029804
0.031191
0.033084
0.035796
0.036862
0.039467
0.041333
0.043831
0.047173
0.049431
0.053111
0.056711
0.059333
0.063698
0.065938
0.069902
0.075858
0.079707
0.089858
0.092667
0.100578
0.112702
0.119920
0.131591
0.142880
0.155689
0.170747
0.186018
0.217378
0.231209
0.272836
0.315813
0.363022
0.454720
0.532276
0.671724
0.909378
1.265582
1.691689
2.083262
2.171200
2.049102
1.907502
1.772862
1.672924
1.600169
1.540809
1.492756
1.450471
1.410916
1.382151
1.353227
1.327929
1.305991
1.286196
1.265502
1.250684
1.231911
1.217351
1.203556
1.190320
1.178098
1.165680
1.155298
1.144062
1.133156
1.123600
1.113867
1.104347
1.095662
1.087396
1.078596
1.070400
1.062436
1.054409
1.046764
1.038222
1.029742
1.020924
