0.000000 0.000000
0.010000 0.005280
0.020000 0.006756
0.030000 0.007484
0.040000 0.008284
0.050000 0.009093
0.060000 0.009893
0.070000 0.010996
0.080000 0.012400
0.090000 0.013769
0.100000 0.014507
0.110000 0.015991
0.120000 0.017093
0.130000 0.018160
0.140000 0.019893
0.150000 0.020836
0.160000 0.022204
0.170000 0.023716
0.180000 0.024640
0.190000 0.026658
0.200000 0.028062
0.210000 0.029804
0.220000 0.031191
0.230000 0.033084
0.240000 0.035796
0.250000 0.036862
0.260000 0.039467
0.270000 0.041333
0.280000 0.043831
0.290000 0.047173
0.300000 0.049431
0.310000 0.053111
0.320000 0.056711
0.330000 0.059333
0.340000 0.063698
0.350000 0.065938
0.360000 0.069902
0.370000 0.075858
0.380000 0.079707
0.390000 0.089858
0.400000 0.092667
0.410000 0.100578
0.420000 0.112702
0.430000 0.119920
0.440000 0.131591
0.450000 0.142880
0.460000 0.155689
0.470000 0.170747
0.480000 0.186018
0.490000 0.217378
0.500000 0.231209
0.510000 0.272836
0.520000 0.315813
0.530000 0.363022
0.540000 0.454720
0.550000 0.532276
0.560000 0.671724
0.570000 0.909378
0.580000 1.265582
0.590000 1.691689
0.600000 2.083262
0.610000 2.171200
0.620000 2.049102
0.630000 1.907502
0.640000 1.772862
0.650000 1.672924
0.660000 1.600169
0.670000 1.540809
0.680000 1.492756
0.690000 1.450471
0.700000 1.410916
0.710000 1.382151
0.720000 1.353227
0.730000 1.327929
0.740000 1.305991
0.750000 1.286196
0.760000 1.265502
0.770000 1.250684
0.780000 1.231911
0.790000 1.217351
0.800000 1.203556
0.810000 1.190320
0.820000 1.178098
0.830000 1.165680
0.840000 1.155298
0.850000 1.144062
0.860000 1.133156
0.870000 1.123600
0.880000 1.113867
0.890000 1.104347
0.900000 1.095662
0.910000 1.087396
0.920000 1.078596
0.930000 1.070400
0.940000 1.062436
0.950000 1.054409
0.960000 1.046764
0.970000 1.038222
0.980000 1.029742
0.990000 1.020924
