0.000000 0.000000
0.010000 0.009333
0.020000 0.016000
0.030000 0.029067
0.040000 0.033600
0.050000 0.046133
0.060000 0.053467
0.070000 0.054267
0.080000 0.064533
0.090000 0.070400
0.100000 0.079867
0.110000 0.083733
0.120000 0.088400
0.130000 0.100533
0.140000 0.101733
0.150000 0.111733
0.160000 0.124533
0.170000 0.129733
0.180000 0.135867
0.190000 0.143333
0.200000 0.150667
0.210000 0.168400
0.220000 0.168267
0.230000 0.170667
0.240000 0.182400
0.250000 0.192000
0.260000 0.194933
0.270000 0.219067
0.280000 0.228800
0.290000 0.240533
0.300000 0.260133
0.310000 0.281867
0.320000 0.286667
0.330000 0.300800
0.340000 0.326667
0.350000 0.333600
0.360000 0.359333
0.370000 0.368000
0.380000 0.390800
0.390000 0.403467
0.400000 0.452400
0.410000 0.468533
0.420000 0.497600
0.430000 0.508667
0.440000 0.562267
0.450000 0.592000
0.460000 0.634400
0.470000 0.643867
0.480000 0.723200
0.490000 0.731067
0.500000 0.808267
0.510000 0.815867
0.520000 0.850400
0.530000 0.907067
0.540000 1.006267
0.550000 1.065200
0.560000 1.061067
0.570000 1.095867
0.580000 1.182800
0.590000 1.229200
0.600000 1.236400
0.610000 1.304667
0.620000 1.299200
0.630000 1.386933
0.640000 1.406533
0.650000 1.424000
0.660000 1.446933
0.670000 1.473200
0.680000 1.465467
0.690000 1.483200
0.700000 1.475467
0.710000 1.478267
0.720000 1.494000
0.730000 1.459600
0.740000 1.475867
0.750000 1.484533
0.760000 1.439600
0.770000 1.435200
0.780000 1.413333
0.790000 1.391733
0.800000 1.386000
0.810000 1.361067
0.820000 1.337733
0.830000 1.326000
0.840000 1.314000
0.850000 1.301333
0.860000 1.277333
0.870000 1.254000
0.880000 1.244667
0.890000 1.225333
0.900000 1.212133
0.910000 1.199200
0.920000 1.177067
0.930000 1.162000
0.940000 1.146667
0.950000 1.136667
0.960000 1.122133
0.970000 1.103467
0.980000 1.086267
0.990000 1.070000
