0.000000 0.000000
0.010000 0.009067
0.020000 0.017267
0.030000 0.023267
0.040000 0.029800
0.050000 0.035800
0.060000 0.039733
0.070000 0.042600
0.080000 0.048733
0.090000 0.052667
0.100000 0.053933
0.110000 0.059333
0.120000 0.064533
0.130000 0.069333
0.140000 0.072600
0.150000 0.076867
0.160000 0.080400
0.170000 0.083133
0.180000 0.090933
0.190000 0.095600
0.200000 0.103800
0.210000 0.108000
0.220000 0.116200
0.230000 0.122067
0.240000 0.128600
0.250000 0.133533
0.260000 0.143733
0.270000 0.160533
0.280000 0.156800
0.290000 0.169800
0.300000 0.170933
0.310000 0.185467
0.320000 0.209400
0.330000 0.214467
0.340000 0.217667
0.350000 0.248067
0.360000 0.252533
0.370000 0.271533
0.380000 0.284133
0.390000 0.293200
0.400000 0.339467
0.410000 0.347667
0.420000 0.369200
0.430000 0.404333
0.440000 0.424667
0.450000 0.449667
0.460000 0.479400
0.470000 0.534400
0.480000 0.583067
0.490000 0.642133
0.500000 0.677733
0.510000 0.711400
0.520000 0.799200
0.530000 0.897200
0.540000 0.960733
0.550000 1.050133
0.560000 1.108200
0.570000 1.167000
0.580000 1.286800
0.590000 1.376533
0.600000 1.445933
0.610000 1.503133
0.620000 1.540133
0.630000 1.594267
0.640000 1.631200
0.650000 1.626400
0.660000 1.650867
0.670000 1.639667
0.680000 1.639933
0.690000 1.638600
0.700000 1.595733
0.710000 1.567533
0.720000 1.544533
0.730000 1.506800
0.740000 1.496800
0.750000 1.455600
0.760000 1.436333
0.770000 1.398333
0.780000 1.380867
0.790000 1.359667
0.800000 1.338667
0.810000 1.322733
0.820000 1.294533
0.830000 1.284000
0.840000 1.257533
0.850000 1.249333
0.860000 1.232400
0.870000 1.212000
0.880000 1.200733
0.890000 1.189733
0.900000 1.174000
0.910000 1.161133
0.920000 1.146000
0.930000 1.135067
0.940000 1.121933
0.950000 1.111667
0.960000 1.096667
0.970000 1.082800
0.980000 1.066467
0.990000 1.056267
