0.000000 0.000000
0.010000 0.009644
0.020000 0.016044
0.030000 0.020933
0.040000 0.026089
0.050000 0.027911
0.060000 0.032267
0.070000 0.035556
0.080000 0.037778
0.090000 0.041244
0.100000 0.043733
0.110000 0.046800
0.120000 0.050356
0.130000 0.052178
0.140000 0.056978
0.150000 0.058044
0.160000 0.063378
0.170000 0.064178
0.180000 0.072133
0.190000 0.077778
0.200000 0.079600
0.210000 0.086311
0.220000 0.092933
0.230000 0.094089
0.240000 0.103200
0.250000 0.103867
0.260000 0.118044
0.270000 0.118978
0.280000 0.126711
0.290000 0.140489
0.300000 0.141422
0.310000 0.149289
0.320000 0.157244
0.330000 0.169600
0.340000 0.172667
0.350000 0.193422
0.360000 0.208578
0.370000 0.216756
0.380000 0.217556
0.390000 0.240978
0.400000 0.270578
0.410000 0.272578
0.420000 0.296178
0.430000 0.315289
0.440000 0.340711
0.450000 0.369556
0.460000 0.414400
0.470000 0.430889
0.480000 0.479422
0.490000 0.535822
0.500000 0.570933
0.510000 0.642978
0.520000 0.695067
0.530000 0.798000
0.540000 0.866089
0.550000 0.973289
0.560000 1.116756
0.570000 1.189022
0.580000 1.324356
0.590000 1.415156
0.600000 1.545067
0.610000 1.641733
0.620000 1.687956
0.630000 1.715600
0.640000 1.762533
0.650000 1.735156
0.660000 1.714000
0.670000 1.683244
0.680000 1.669378
0.690000 1.611156
0.700000 1.569244
0.710000 1.541822
0.720000 1.500000
0.730000 1.459733
0.740000 1.436800
0.750000 1.409378
0.760000 1.379467
0.770000 1.354711
0.780000 1.333911
0.790000 1.312933
0.800000 1.297644
0.810000 1.274133
0.820000 1.260800
0.830000 1.248578
0.840000 1.231644
0.850000 1.216889
0.860000 1.203022
0.870000 1.187911
0.880000 1.173733
0.890000 1.164711
0.900000 1.150800
0.910000 1.137156
0.920000 1.127556
0.930000 1.117822
0.940000 1.105156
0.950000 1.093333
0.960000 1.082267
0.970000 1.070889
0.980000 1.058000
0.990000 1.040978
