0.000000 0.000000
0.010000 0.007467
0.020000 0.014700
0.030000 0.019600
0.040000 0.021500
0.050000 0.024867
0.060000 0.027333
0.070000 0.028567
0.080000 0.031867
0.090000 0.034000
0.100000 0.036500
0.110000 0.038067
0.120000 0.040300
0.130000 0.046033
0.140000 0.047267
0.150000 0.051033
0.160000 0.054767
0.170000 0.055567
0.180000 0.061633
0.190000 0.063167
0.200000 0.070500
0.210000 0.073933
0.220000 0.074733
0.230000 0.083533
0.240000 0.088333
0.250000 0.091167
0.260000 0.098733
0.270000 0.105567
0.280000 0.110467
0.290000 0.115600
0.300000 0.122533
0.310000 0.129800
0.320000 0.134900
0.330000 0.142967
0.340000 0.153767
0.350000 0.159567
0.360000 0.173633
0.370000 0.185400
0.380000 0.196867
0.390000 0.203833
0.400000 0.222433
0.410000 0.241933
0.420000 0.255633
0.430000 0.274233
0.440000 0.300833
0.450000 0.321633
0.460000 0.347267
0.470000 0.389400
0.480000 0.403567
0.490000 0.468767
0.500000 0.539933
0.510000 0.556533
0.520000 0.635533
0.530000 0.703067
0.540000 0.808833
0.550000 0.930133
0.560000 1.069367
0.570000 1.210333
0.580000 1.326833
0.590000 1.494167
0.600000 1.637067
0.610000 1.715467
0.620000 1.823000
0.630000 1.829267
0.640000 1.854967
0.650000 1.796100
0.660000 1.759400
0.670000 1.694267
0.680000 1.665667
0.690000 1.614033
0.700000 1.564933
0.710000 1.511700
0.720000 1.487567
0.730000 1.448167
0.740000 1.410567
0.750000 1.388333
0.760000 1.362867
0.770000 1.343633
0.780000 1.323600
0.790000 1.295367
0.800000 1.279767
0.810000 1.258433
0.820000 1.246767
0.830000 1.231800
0.840000 1.214800
0.850000 1.199367
0.860000 1.188933
0.870000 1.174633
0.880000 1.161867
0.890000 1.150567
0.900000 1.139633
0.910000 1.128467
0.920000 1.118433
0.930000 1.105533
0.940000 1.095567
0.950000 1.085200
0.960000 1.075033
0.970000 1.062767
0.980000 1.052367
0.990000 1.036533
