0.000000 0.000000
0.010000 0.007813
0.020000 0.012773
0.030000 0.017627
0.040000 0.019653
0.050000 0.021413
0.060000 0.023173
0.070000 0.024587
0.080000 0.026373
0.090000 0.029200
0.100000 0.030480
0.110000 0.032587
0.120000 0.035520
0.130000 0.037120
0.140000 0.041227
0.150000 0.044000
0.160000 0.048293
0.170000 0.049653
0.180000 0.054480
0.190000 0.056960
0.200000 0.060160
0.210000 0.063680
0.220000 0.066987
0.230000 0.070293
0.240000 0.078533
0.250000 0.081973
0.260000 0.086320
0.270000 0.090133
0.280000 0.095227
0.290000 0.098667
0.300000 0.105600
0.310000 0.108613
0.320000 0.117493
0.330000 0.130027
0.340000 0.133707
0.350000 0.141627
0.360000 0.151680
0.370000 0.155227
0.380000 0.174587
0.390000 0.188480
0.400000 0.197600
0.410000 0.204587
0.420000 0.230613
0.430000 0.243173
0.440000 0.262773
0.450000 0.285280
0.460000 0.315067
0.470000 0.339040
0.480000 0.360667
0.490000 0.407680
0.500000 0.459067
0.510000 0.510080
0.520000 0.571973
0.530000 0.642560
0.540000 0.760373
0.550000 0.887360
0.560000 0.992800
0.570000 1.187733
0.580000 1.352320
0.590000 1.537493
0.600000 1.691600
0.610000 1.780027
0.620000 1.860747
0.630000 1.876773
0.640000 1.829253
0.650000 1.813067
0.660000 1.735387
0.670000 1.686320
0.680000 1.636960
0.690000 1.577680
0.700000 1.528267
0.710000 1.488107
0.720000 1.457147
0.730000 1.424587
0.740000 1.396027
0.750000 1.371253
0.760000 1.345093
0.770000 1.318747
0.780000 1.298480
0.790000 1.284533
0.800000 1.264693
0.810000 1.247040
0.820000 1.232800
0.830000 1.216293
0.840000 1.202080
0.850000 1.188800
0.860000 1.175120
0.870000 1.163413
0.880000 1.151840
0.890000 1.141547
0.900000 1.130133
0.910000 1.117547
0.920000 1.108187
0.930000 1.098080
0.940000 1.088693
0.950000 1.078480
0.960000 1.068240
0.970000 1.058693
0.980000 1.045920
0.990000 1.034560
