0.000000 0.000000
0.010000 0.007622
0.020000 0.012356
0.030000 0.014844
0.040000 0.017289
0.050000 0.018378
0.060000 0.020400
0.070000 0.021244
0.080000 0.023378
0.090000 0.025244
0.100000 0.027822
0.110000 0.029444
0.120000 0.031000
0.130000 0.034333
0.140000 0.036333
0.150000 0.039244
0.160000 0.041800
0.170000 0.044644
0.180000 0.046911
0.190000 0.050622
0.200000 0.052244
0.210000 0.056222
0.220000 0.060022
0.230000 0.063267
0.240000 0.066667
0.250000 0.069511
0.260000 0.075489
0.270000 0.080044
0.280000 0.084956
0.290000 0.085956
0.300000 0.096222
0.310000 0.098067
0.320000 0.105111
0.330000 0.113689
0.340000 0.121178
0.350000 0.124022
0.360000 0.132644
0.370000 0.142244
0.380000 0.150778
0.390000 0.161667
0.400000 0.166200
0.410000 0.190556
0.420000 0.193844
0.430000 0.215044
0.440000 0.235756
0.450000 0.253000
0.460000 0.273422
0.470000 0.296022
0.480000 0.331200
0.490000 0.366400
0.500000 0.406556
0.510000 0.480822
0.520000 0.518622
0.530000 0.591444
0.540000 0.712444
0.550000 0.814000
0.560000 0.985289
0.570000 1.121089
0.580000 1.340333
0.590000 1.531133
0.600000 1.780378
0.610000 1.880422
0.620000 1.913156
0.630000 1.912844
0.640000 1.873644
0.650000 1.800756
0.660000 1.730578
0.670000 1.660378
0.680000 1.606800
0.690000 1.555911
0.700000 1.514400
0.710000 1.470578
0.720000 1.437511
0.730000 1.406444
0.740000 1.377067
0.750000 1.342444
0.760000 1.324311
0.770000 1.307289
0.780000 1.291689
0.790000 1.268489
0.800000 1.251778
0.810000 1.235200
0.820000 1.219111
0.830000 1.205644
0.840000 1.193911
0.850000 1.179778
0.860000 1.165778
0.870000 1.157156
0.880000 1.142844
0.890000 1.126067
0.900000 1.121889
0.910000 1.112400
0.920000 1.103578
0.930000 1.092178
0.940000 1.082956
0.950000 1.060511
0.960000 1.063444
0.970000 1.052978
0.980000 1.056667
0.990000 1.042444
