0.000000 0.000000
0.010000 0.008210
0.020000 0.010762
0.030000 0.013981
0.040000 0.015048
0.050000 0.016667
0.060000 0.018114
0.070000 0.019524
0.080000 0.020895
0.090000 0.022476
0.100000 0.024629
0.110000 0.026133
0.120000 0.027886
0.130000 0.030152
0.140000 0.034076
0.150000 0.034571
0.160000 0.038057
0.170000 0.039048
0.180000 0.043029
0.190000 0.044781
0.200000 0.048133
0.210000 0.050895
0.220000 0.053200
0.230000 0.056476
0.240000 0.061848
0.250000 0.064229
0.260000 0.068152
0.270000 0.072648
0.280000 0.075638
0.290000 0.078952
0.300000 0.085238
0.310000 0.088171
0.320000 0.093924
0.330000 0.100971
0.340000 0.108419
0.350000 0.115067
0.360000 0.122057
0.370000 0.125429
0.380000 0.136076
0.390000 0.146724
0.400000 0.162038
0.410000 0.170610
0.420000 0.181010
0.430000 0.194971
0.440000 0.211695
0.450000 0.240248
0.460000 0.251371
0.470000 0.276210
0.480000 0.307486
0.490000 0.336267
0.500000 0.375390
0.510000 0.440705
0.520000 0.492305
0.530000 0.565619
0.540000 0.660800
0.550000 0.777371
0.560000 0.908419
0.570000 1.112743
0.580000 1.360343
0.590000 1.619600
0.600000 1.757314
0.610000 1.919048
0.620000 1.960438
0.630000 1.921333
0.640000 1.877962
0.650000 1.789162
0.660000 1.702610
0.670000 1.644990
0.680000 1.585200
0.690000 1.529981
0.700000 1.496343
0.710000 1.452648
0.720000 1.417848
0.730000 1.388152
0.740000 1.362514
0.750000 1.338419
0.760000 1.316133
0.770000 1.297200
0.780000 1.274095
0.790000 1.258438
0.800000 1.243295
0.810000 1.225333
0.820000 1.211010
0.830000 1.196533
0.840000 1.184210
0.850000 1.173390
0.860000 1.160057
0.870000 1.149333
0.880000 1.137848
0.890000 1.127619
0.900000 1.117276
0.910000 1.107867
0.920000 1.097314
0.930000 1.088514
0.940000 1.079429
0.950000 1.069943
0.960000 1.061314
0.970000 1.050400
0.980000 1.041676
0.990000 1.029524
