0.000000 0.000000
0.010000 0.007000
0.020000 0.010500
0.030000 0.012033
0.040000 0.013833
0.050000 0.014817
0.060000 0.016683
0.070000 0.017733
0.080000 0.019050
0.090000 0.020183
0.100000 0.021783
0.110000 0.023817
0.120000 0.026250
0.130000 0.027567
0.140000 0.030333
0.150000 0.032600
0.160000 0.034850
0.170000 0.036067
0.180000 0.038767
0.190000 0.041017
0.200000 0.042783
0.210000 0.047100
0.220000 0.049050
0.230000 0.051867
0.240000 0.054033
0.250000 0.058467
0.260000 0.060817
0.270000 0.066150
0.280000 0.067733
0.290000 0.073083
0.300000 0.078167
0.310000 0.083533
0.320000 0.087717
0.330000 0.089167
0.340000 0.097333
0.350000 0.104150
0.360000 0.110517
0.370000 0.115700
0.380000 0.127167
0.390000 0.134983
0.400000 0.142483
0.410000 0.157400
0.420000 0.167833
0.430000 0.178983
0.440000 0.196883
0.450000 0.210917
0.460000 0.236083
0.470000 0.253467
0.480000 0.277400
0.490000 0.313733
0.500000 0.376833
0.510000 0.397450
0.520000 0.440650
0.530000 0.536833
0.540000 0.665000
0.550000 0.736033
0.560000 0.933467
0.570000 1.133767
0.580000 1.356050
0.590000 1.559583
0.600000 1.845183
0.610000 1.960600
0.620000 1.965917
0.630000 1.976667
0.640000 1.844950
0.650000 1.774917
0.660000 1.687567
0.670000 1.621700
0.680000 1.561533
0.690000 1.521550
0.700000 1.476617
0.710000 1.439883
0.720000 1.407350
0.730000 1.375417
0.740000 1.348900
0.750000 1.327467
0.760000 1.305900
0.770000 1.285633
0.780000 1.267933
0.790000 1.249983
0.800000 1.233483
0.810000 1.219583
0.820000 1.204567
0.830000 1.190683
0.840000 1.177300
0.850000 1.166100
0.860000 1.154500
0.870000 1.142517
0.880000 1.133350
0.890000 1.121817
0.900000 1.113233
0.910000 1.103100
0.920000 1.093833
0.930000 1.079200
0.940000 1.075517
0.950000 1.066600
0.960000 1.057467
0.970000 1.054433
0.980000 1.038417
0.990000 1.031500
