0.000000 0.000000
0.010000 0.006607
0.020000 0.009763
0.030000 0.011393
0.040000 0.012533
0.050000 0.013556
0.060000 0.014756
0.070000 0.016533
0.080000 0.017467
0.090000 0.018800
0.100000 0.020533
0.110000 0.022119
0.120000 0.024533
0.130000 0.026519
0.140000 0.028726
0.150000 0.029881
0.160000 0.032356
0.170000 0.034948
0.180000 0.035852
0.190000 0.037437
0.200000 0.040089
0.210000 0.042711
0.220000 0.045348
0.230000 0.048504
0.240000 0.052237
0.250000 0.053185
0.260000 0.057111
0.270000 0.060519
0.280000 0.063230
0.290000 0.068637
0.300000 0.070711
0.310000 0.075274
0.320000 0.082326
0.330000 0.084430
0.340000 0.089363
0.350000 0.093615
0.360000 0.103541
0.370000 0.108637
0.380000 0.118741
0.390000 0.123289
0.400000 0.134252
0.410000 0.144756
0.420000 0.156815
0.430000 0.167733
0.440000 0.186311
0.450000 0.196281
0.460000 0.217793
0.470000 0.234030
0.480000 0.261467
0.490000 0.286667
0.500000 0.320459
0.510000 0.372356
0.520000 0.414607
0.530000 0.508370
0.540000 0.574133
0.550000 0.697511
0.560000 0.879837
0.570000 1.093333
0.580000 1.355748
0.590000 1.614148
0.600000 1.925615
0.610000 2.011615
0.620000 1.998859
0.630000 1.958296
0.640000 1.855230
0.650000 1.756444
0.660000 1.673126
0.670000 1.611378
0.680000 1.548252
0.690000 1.506252
0.700000 1.461822
0.710000 1.422207
0.720000 1.393170
0.730000 1.368311
0.740000 1.342222
0.750000 1.319911
0.760000 1.297926
0.770000 1.278104
0.780000 1.259748
0.790000 1.242341
0.800000 1.227289
0.810000 1.213467
0.820000 1.198667
0.830000 1.186044
0.840000 1.171348
0.850000 1.160978
0.860000 1.150178
0.870000 1.139067
0.880000 1.128904
0.890000 1.118993
0.900000 1.109081
0.910000 1.099807
0.920000 1.091437
0.930000 1.081852
0.940000 1.072933
0.950000 1.064133
0.960000 1.055170
0.970000 1.046533
0.980000 1.036622
0.990000 1.025556
