0.000000 0.000000
0.010000 0.006160
0.020000 0.009107
0.030000 0.010360
0.040000 0.011613
0.050000 0.012453
0.060000 0.013840
0.070000 0.015053
0.080000 0.015840
0.090000 0.018173
0.100000 0.019467
0.110000 0.021253
0.120000 0.022760
0.130000 0.024520
0.140000 0.025907
0.150000 0.027267
0.160000 0.030027
0.170000 0.031480
0.180000 0.032933
0.190000 0.036027
0.200000 0.037400
0.210000 0.040693
0.220000 0.041200
0.230000 0.043987
0.240000 0.047520
0.250000 0.049920
0.260000 0.052600
0.270000 0.056587
0.280000 0.057173
0.290000 0.063587
0.300000 0.064880
0.310000 0.068840
0.320000 0.073827
0.330000 0.078760
0.340000 0.085000
0.350000 0.089867
0.360000 0.095427
0.370000 0.103493
0.380000 0.108280
0.390000 0.115920
0.400000 0.123907
0.410000 0.133880
0.420000 0.146107
0.430000 0.154107
0.440000 0.167733
0.450000 0.185600
0.460000 0.200947
0.470000 0.220093
0.480000 0.246040
0.490000 0.268560
0.500000 0.304067
0.510000 0.339413
0.520000 0.385920
0.530000 0.479547
0.540000 0.552640
0.550000 0.684053
0.560000 0.815213
0.570000 1.043333
0.580000 1.330960
0.590000 1.631627
0.600000 1.919120
0.610000 2.074600
0.620000 2.044907
0.630000 1.931013
0.640000 1.839453
0.650000 1.755067
0.660000 1.655387
0.670000 1.590573
0.680000 1.535800
0.690000 1.486760
0.700000 1.454707
0.710000 1.415867
0.720000 1.384680
0.730000 1.359360
0.740000 1.331267
0.750000 1.310640
0.760000 1.290493
0.770000 1.270693
0.780000 1.253373
0.790000 1.236867
0.800000 1.221067
0.810000 1.206400
0.820000 1.193813
0.830000 1.181747
0.840000 1.170080
0.850000 1.158560
0.860000 1.146547
0.870000 1.135667
0.880000 1.125760
0.890000 1.114893
0.900000 1.106467
0.910000 1.096333
0.920000 1.088053
0.930000 1.079227
0.940000 1.070427
0.950000 1.061907
0.960000 1.052987
0.970000 1.044440
0.980000 1.035240
0.990000 1.024467
