0.000000 0.000000
0.010000 0.006182
0.020000 0.008679
0.030000 0.009855
0.040000 0.010533
0.050000 0.011600
0.060000 0.012533
0.070000 0.013976
0.080000 0.015382
0.090000 0.016933
0.100000 0.017952
0.110000 0.020097
0.120000 0.021321
0.130000 0.022788
0.140000 0.024606
0.150000 0.027067
0.160000 0.028630
0.170000 0.029721
0.180000 0.031345
0.190000 0.033152
0.200000 0.035503
0.210000 0.037261
0.220000 0.039564
0.230000 0.045248
0.240000 0.043539
0.250000 0.047576
0.260000 0.045661
0.270000 0.057406
0.280000 0.055879
0.290000 0.059733
0.300000 0.062036
0.310000 0.065879
0.320000 0.070424
0.330000 0.076521
0.340000 0.079794
0.350000 0.084921
0.360000 0.089042
0.370000 0.095782
0.380000 0.102352
0.390000 0.111806
0.400000 0.121418
0.410000 0.119455
0.420000 0.149648
0.430000 0.154533
0.440000 0.163927
0.450000 0.181879
0.460000 0.199867
0.470000 0.223867
0.480000 0.243661
0.490000 0.219042
0.500000 0.297042
0.510000 0.435370
0.520000 0.310170
0.530000 0.479200
0.540000 0.545976
0.550000 0.688715
0.560000 0.834048
0.570000 1.154182
0.580000 1.374776
0.590000 1.652679
0.600000 1.661891
0.610000 2.096691
0.620000 2.012715
0.630000 1.944727
0.640000 1.823903
0.650000 1.732533
0.660000 1.654788
0.670000 1.588448
0.680000 1.525527
0.690000 1.484533
0.700000 1.441648
0.710000 1.412218
0.720000 1.376097
0.730000 1.349842
0.740000 1.329091
0.750000 1.303248
0.760000 1.285079
0.770000 1.265527
0.780000 1.248679
0.790000 1.233333
0.800000 1.217370
0.810000 1.202897
0.820000 1.189248
0.830000 1.177200
0.840000 1.164267
0.850000 1.153164
0.860000 1.142388
0.870000 1.132655
0.880000 1.122352
0.890000 1.112327
0.900000 1.103418
0.910000 1.094824
0.920000 1.085612
0.930000 1.076497
0.940000 1.068897
0.950000 1.060436
0.960000 1.051333
0.970000 1.042630
0.980000 1.033782
0.990000 1.027321
