0.000000 0.000000
0.010000 0.006056
0.020000 0.008100
0.030000 0.009011
0.040000 0.010122
0.050000 0.010800
0.060000 0.012100
0.070000 0.013356
0.080000 0.014300
0.090000 0.015922
0.100000 0.017300
0.110000 0.018622
0.120000 0.020578
0.130000 0.021433
0.140000 0.023367
0.150000 0.024522
0.160000 0.026411
0.170000 0.028233
0.180000 0.029622
0.190000 0.032033
0.200000 0.033089
0.210000 0.034722
0.220000 0.037700
0.230000 0.039600
0.240000 0.042656
0.250000 0.044233
0.260000 0.046178
0.270000 0.049833
0.280000 0.052789
0.290000 0.055233
0.300000 0.055967
0.310000 0.062244
0.320000 0.066478
0.330000 0.070889
0.340000 0.073600
0.350000 0.077256
0.360000 0.083489
0.370000 0.088822
0.380000 0.096567
0.390000 0.102867
0.400000 0.109767
0.410000 0.117656
0.420000 0.127867
0.430000 0.138622
0.440000 0.152456
0.450000 0.168544
0.460000 0.179867
0.470000 0.195367
0.480000 0.213889
0.490000 0.242656
0.500000 0.262456
0.510000 0.306900
0.520000 0.374856
0.530000 0.406000
0.540000 0.503644
0.550000 0.584500
0.560000 0.749722
0.570000 0.964433
0.580000 1.315433
0.590000 1.680422
0.600000 2.011489
0.610000 2.103911
0.620000 2.037144
0.630000 1.930678
0.640000 1.806678
0.650000 1.700322
0.660000 1.630500
0.670000 1.563667
0.680000 1.515356
0.690000 1.468067
0.700000 1.432433
0.710000 1.401256
0.720000 1.373400
0.730000 1.343256
0.740000 1.319100
0.750000 1.299756
0.760000 1.279922
0.770000 1.260244
0.780000 1.242167
0.790000 1.228822
0.800000 1.212833
0.810000 1.199178
0.820000 1.184678
0.830000 1.174022
0.840000 1.162744
0.850000 1.150833
0.860000 1.140600
0.870000 1.129767
0.880000 1.119589
0.890000 1.110167
0.900000 1.100644
0.910000 1.092022
0.920000 1.083656
0.930000 1.074878
0.940000 1.066189
0.950000 1.058189
0.960000 1.049667
0.970000 1.041689
0.980000 1.033089
0.990000 1.023333
