0.000000 0.000000
0.010000 0.006082
0.020000 0.007313
0.030000 0.008441
0.040000 0.009210
0.050000 0.010328
0.060000 0.011251
0.070000 0.012349
0.080000 0.013918
0.090000 0.015097
0.100000 0.015938
0.110000 0.017662
0.120000 0.018615
0.130000 0.020041
0.140000 0.021610
0.150000 0.023272
0.160000 0.024944
0.170000 0.026503
0.180000 0.027754
0.190000 0.029836
0.200000 0.031692
0.210000 0.032697
0.220000 0.035538
0.230000 0.037015
0.240000 0.040133
0.250000 0.041928
0.260000 0.044051
0.270000 0.046410
0.280000 0.051046
0.290000 0.052041
0.300000 0.055046
0.310000 0.059138
0.320000 0.061621
0.330000 0.065333
0.340000 0.069867
0.350000 0.075764
0.360000 0.079713
0.370000 0.082133
0.380000 0.089056
0.390000 0.097118
0.400000 0.104031
0.410000 0.112215
0.420000 0.124174
0.430000 0.132441
0.440000 0.142462
0.450000 0.154821
0.460000 0.168595
0.470000 0.188585
0.480000 0.201405
0.490000 0.230082
0.500000 0.254103
0.510000 0.296021
0.520000 0.342697
0.530000 0.398195
0.540000 0.480503
0.550000 0.599138
0.560000 0.788410
0.570000 1.030318
0.580000 1.144656
0.590000 1.703374
0.600000 2.036421
0.610000 2.112656
0.620000 2.039805
0.630000 1.925785
0.640000 1.799918
0.650000 1.690287
0.660000 1.627959
0.670000 1.554800
0.680000 1.509579
0.690000 1.462308
0.700000 1.423456
0.710000 1.397733
0.720000 1.361426
0.730000 1.338021
0.740000 1.316205
0.750000 1.293590
0.760000 1.273826
0.770000 1.254646
0.780000 1.241477
0.790000 1.224708
0.800000 1.209292
0.810000 1.196585
0.820000 1.182533
0.830000 1.170390
0.840000 1.159262
0.850000 1.147949
0.860000 1.133774
0.870000 1.127579
0.880000 1.116944
0.890000 1.108667
0.900000 1.099067
0.910000 1.090338
0.920000 1.081672
0.930000 1.073518
0.940000 1.065026
0.950000 1.056872
0.960000 1.048728
0.970000 1.040564
0.980000 1.031569
0.990000 1.025651
