0.000000 0.000000
0.010000 0.005657
0.020000 0.007000
0.030000 0.008133
0.040000 0.008790
0.050000 0.009610
0.060000 0.010686
0.070000 0.011952
0.080000 0.012895
0.090000 0.014076
0.100000 0.015324
0.110000 0.016486
0.120000 0.018019
0.130000 0.019210
0.140000 0.020933
0.150000 0.022600
0.160000 0.023514
0.170000 0.024657
0.180000 0.026590
0.190000 0.026895
0.200000 0.030438
0.210000 0.031524
0.220000 0.032514
0.230000 0.035657
0.240000 0.036819
0.250000 0.039981
0.260000 0.042000
0.270000 0.043876
0.280000 0.046467
0.290000 0.047810
0.300000 0.051286
0.310000 0.054867
0.320000 0.058410
0.330000 0.062762
0.340000 0.065171
0.350000 0.070476
0.360000 0.074410
0.370000 0.082514
0.380000 0.084705
0.390000 0.090514
0.400000 0.095943
0.410000 0.106962
0.420000 0.112629
0.430000 0.126695
0.440000 0.136210
0.450000 0.150229
0.460000 0.157448
0.470000 0.175010
0.480000 0.196781
0.490000 0.220648
0.500000 0.250324
0.510000 0.279648
0.520000 0.320448
0.530000 0.362257
0.540000 0.458629
0.550000 0.556505
0.560000 0.700552
0.570000 0.970038
0.580000 1.315524
0.590000 1.731524
0.600000 2.032457
0.610000 2.151952
0.620000 2.066124
0.630000 1.901610
0.640000 1.786219
0.650000 1.681000
0.660000 1.612419
0.670000 1.551695
0.680000 1.491619
0.690000 1.455486
0.700000 1.417076
0.710000 1.387810
0.720000 1.358181
0.730000 1.335533
0.740000 1.311286
0.750000 1.290314
0.760000 1.272524
0.770000 1.253819
0.780000 1.236010
0.790000 1.221771
0.800000 1.206505
0.810000 1.192752
0.820000 1.178914
0.830000 1.168086
0.840000 1.156638
0.850000 1.145933
0.860000 1.135000
0.870000 1.124810
0.880000 1.115867
0.890000 1.106229
0.900000 1.097324
0.910000 1.088495
0.920000 1.080162
0.930000 1.071810
0.940000 1.063467
0.950000 1.055990
0.960000 1.047514
0.970000 1.039324
0.980000 1.030838
0.990000 1.021667
