0.000000 0.000000
0.010000 0.005250
0.020000 0.006450
0.030000 0.007217
0.040000 0.008033
0.050000 0.008667
0.060000 0.009725
0.070000 0.010425
0.080000 0.011883
0.090000 0.013033
0.100000 0.013750
0.110000 0.015042
0.120000 0.016100
0.130000 0.018067
0.140000 0.018708
0.150000 0.020542
0.160000 0.021183
0.170000 0.022783
0.180000 0.023900
0.190000 0.025492
0.200000 0.027667
0.210000 0.028775
0.220000 0.030267
0.230000 0.032742
0.240000 0.033858
0.250000 0.035850
0.260000 0.037858
0.270000 0.040492
0.280000 0.042383
0.290000 0.045017
0.300000 0.047717
0.310000 0.050758
0.320000 0.054333
0.330000 0.055375
0.340000 0.060575
0.350000 0.063392
0.360000 0.067433
0.370000 0.071108
0.380000 0.076233
0.390000 0.082500
0.400000 0.088425
0.410000 0.096933
0.420000 0.102542
0.430000 0.113292
0.440000 0.121117
0.450000 0.135175
0.460000 0.145600
0.470000 0.167042
0.480000 0.182075
0.490000 0.200342
0.500000 0.225567
0.510000 0.254650
0.520000 0.293700
0.530000 0.357350
0.540000 0.417992
0.550000 0.506958
0.560000 0.658375
0.570000 0.938542
0.580000 1.263825
0.590000 1.714050
0.600000 2.081250
0.610000 2.197975
0.620000 2.047875
0.630000 1.886425
0.640000 1.765933
0.650000 1.670983
0.660000 1.593842
0.670000 1.532792
0.680000 1.483817
0.690000 1.445158
0.700000 1.408133
0.710000 1.378883
0.720000 1.349042
0.730000 1.324450
0.740000 1.303500
0.750000 1.283808
0.760000 1.262525
0.770000 1.246650
0.780000 1.230017
0.790000 1.215867
0.800000 1.201275
0.810000 1.188600
0.820000 1.174950
0.830000 1.163550
0.840000 1.152842
0.850000 1.142158
0.860000 1.131350
0.870000 1.121317
0.880000 1.111900
0.890000 1.102733
0.900000 1.093867
0.910000 1.085742
0.920000 1.077450
0.930000 1.069333
0.940000 1.061242
0.950000 1.053600
0.960000 1.045575
0.970000 1.037617
0.980000 1.029450
0.990000 1.020100
