0.000000 0.000000
0.010000 0.004863
0.020000 0.006071
0.030000 0.006878
0.040000 0.007569
0.050000 0.008149
0.060000 0.009208
0.070000 0.009843
0.080000 0.011412
0.090000 0.012486
0.100000 0.013929
0.110000 0.015004
0.120000 0.015749
0.130000 0.017090
0.140000 0.017827
0.150000 0.018957
0.160000 0.020125
0.170000 0.021647
0.180000 0.023043
0.190000 0.024376
0.200000 0.025498
0.210000 0.028259
0.220000 0.028918
0.230000 0.029843
0.240000 0.032525
0.250000 0.034910
0.260000 0.035678
0.270000 0.038400
0.280000 0.040165
0.290000 0.042808
0.300000 0.045333
0.310000 0.048824
0.320000 0.051184
0.330000 0.053286
0.340000 0.058204
0.350000 0.060078
0.360000 0.065678
0.370000 0.069482
0.380000 0.075561
0.390000 0.080369
0.400000 0.084322
0.410000 0.091075
0.420000 0.099725
0.430000 0.108086
0.440000 0.117694
0.450000 0.129184
0.460000 0.140235
0.470000 0.157169
0.480000 0.175114
0.490000 0.192988
0.500000 0.217914
0.510000 0.247420
0.520000 0.289420
0.530000 0.331702
0.540000 0.405239
0.550000 0.499278
0.560000 0.640141
0.570000 0.860627
0.580000 1.289498
0.590000 1.723310
0.600000 2.116918
0.610000 2.220031
0.620000 2.025984
0.630000 1.876408
0.640000 1.760949
0.650000 1.656055
0.660000 1.582722
0.670000 1.522259
0.680000 1.479380
0.690000 1.440000
0.700000 1.403420
0.710000 1.372322
0.720000 1.346204
0.730000 1.321780
0.740000 1.298957
0.750000 1.280518
0.760000 1.261278
0.770000 1.244408
0.780000 1.227584
0.790000 1.212816
0.800000 1.197780
0.810000 1.185231
0.820000 1.174259
0.830000 1.161796
0.840000 1.150902
0.850000 1.139906
0.860000 1.130141
0.870000 1.120165
0.880000 1.111145
0.890000 1.101576
0.900000 1.092949
0.910000 1.084682
0.920000 1.076180
0.930000 1.068180
0.940000 1.060439
0.950000 1.052314
0.960000 1.044776
0.970000 1.036847
0.980000 1.028847
0.990000 1.019514
