0.000000 0.000000
0.010000 0.004837
0.020000 0.005719
0.030000 0.006511
0.040000 0.007007
0.050000 0.007948
0.060000 0.008815
0.070000 0.009741
0.080000 0.011037
0.090000 0.011793
0.100000 0.012481
0.110000 0.013556
0.120000 0.015052
0.130000 0.016081
0.140000 0.017400
0.150000 0.018333
0.160000 0.019615
0.170000 0.020970
0.180000 0.022289
0.190000 0.023963
0.200000 0.024437
0.210000 0.026207
0.220000 0.026978
0.230000 0.029111
0.240000 0.031563
0.250000 0.032304
0.260000 0.034533
0.270000 0.036074
0.280000 0.038622
0.290000 0.042378
0.300000 0.043837
0.310000 0.046126
0.320000 0.048644
0.330000 0.051081
0.340000 0.055452
0.350000 0.058874
0.360000 0.063133
0.370000 0.065385
0.380000 0.070548
0.390000 0.075570
0.400000 0.082267
0.410000 0.089526
0.420000 0.095119
0.430000 0.102963
0.440000 0.112793
0.450000 0.124348
0.460000 0.135807
0.470000 0.149452
0.480000 0.166437
0.490000 0.183370
0.500000 0.208237
0.510000 0.242504
0.520000 0.273311
0.530000 0.330230
0.540000 0.379407
0.550000 0.503304
0.560000 0.634548
0.570000 0.824933
0.580000 1.207319
0.590000 1.743578
0.600000 2.137630
0.610000 2.202778
0.620000 2.049296
0.630000 1.860741
0.640000 1.739637
0.650000 1.650400
0.660000 1.573044
0.670000 1.517785
0.680000 1.469444
0.690000 1.434215
0.700000 1.397844
0.710000 1.367844
0.720000 1.341185
0.730000 1.317363
0.740000 1.296644
0.750000 1.275600
0.760000 1.257978
0.770000 1.239533
0.780000 1.224785
0.790000 1.211600
0.800000 1.197126
0.810000 1.183141
0.820000 1.172193
0.830000 1.159467
0.840000 1.149222
0.850000 1.138963
0.860000 1.128467
0.870000 1.118793
0.880000 1.109207
0.890000 1.100081
0.900000 1.092044
0.910000 1.082822
0.920000 1.075319
0.930000 1.067141
0.940000 1.059407
0.950000 1.051667
0.960000 1.043681
0.970000 1.036163
0.980000 1.028044
0.990000 1.019037
