0.000000 0.000000
0.010000 0.004442
0.020000 0.005537
0.030000 0.006274
0.040000 0.006821
0.050000 0.007684
0.060000 0.008582
0.070000 0.009796
0.080000 0.010561
0.090000 0.011460
0.100000 0.012358
0.110000 0.013368
0.120000 0.014253
0.130000 0.015860
0.140000 0.016688
0.150000 0.017684
0.160000 0.019095
0.170000 0.020168
0.180000 0.021179
0.190000 0.022182
0.200000 0.023656
0.210000 0.025284
0.220000 0.026856
0.230000 0.028442
0.240000 0.029979
0.250000 0.031200
0.260000 0.032421
0.270000 0.035025
0.280000 0.036996
0.290000 0.039460
0.300000 0.041600
0.310000 0.045277
0.320000 0.046905
0.330000 0.050246
0.340000 0.053382
0.350000 0.055853
0.360000 0.059733
0.370000 0.064632
0.380000 0.068723
0.390000 0.072779
0.400000 0.077965
0.410000 0.083986
0.420000 0.092618
0.430000 0.101418
0.440000 0.109242
0.450000 0.114870
0.460000 0.130519
0.470000 0.143825
0.480000 0.159467
0.490000 0.181256
0.500000 0.206674
0.510000 0.228618
0.520000 0.260695
0.530000 0.310484
0.540000 0.372000
0.550000 0.495677
0.560000 0.629333
0.570000 0.864996
0.580000 1.190779
0.590000 1.795221
0.600000 2.185502
0.610000 2.208049
0.620000 2.039979
0.630000 1.853340
0.640000 1.731930
0.650000 1.644765
0.660000 1.572688
0.670000 1.518491
0.680000 1.466751
0.690000 1.429958
0.700000 1.396204
0.710000 1.365635
0.720000 1.339396
0.730000 1.315544
0.740000 1.293151
0.750000 1.274225
0.760000 1.256975
0.770000 1.237867
0.780000 1.223530
0.790000 1.208323
0.800000 1.195453
0.810000 1.181523
0.820000 1.169860
0.830000 1.158211
0.840000 1.147116
0.850000 1.137656
0.860000 1.126982
0.870000 1.117551
0.880000 1.105418
0.890000 1.099151
0.900000 1.090632
0.910000 1.082463
0.920000 1.074463
0.930000 1.066442
0.940000 1.058625
0.950000 1.050751
0.960000 1.043340
0.970000 1.035516
0.980000 1.027165
0.990000 1.021565
