0.000000 0.000000
0.010000 0.004453
0.020000 0.005313
0.030000 0.005987
0.040000 0.006513
0.050000 0.007473
0.060000 0.008287
0.070000 0.009040
0.080000 0.010100
0.090000 0.010880
0.100000 0.012213
0.110000 0.013220
0.120000 0.013873
0.130000 0.014940
0.140000 0.015773
0.150000 0.017167
0.160000 0.017967
0.170000 0.018873
0.180000 0.020387
0.190000 0.021240
0.200000 0.022627
0.210000 0.024453
0.220000 0.025193
0.230000 0.026913
0.240000 0.028267
0.250000 0.030387
0.260000 0.031973
0.270000 0.033953
0.280000 0.035487
0.290000 0.037713
0.300000 0.040533
0.310000 0.043473
0.320000 0.045800
0.330000 0.048867
0.340000 0.050753
0.350000 0.053713
0.360000 0.059967
0.370000 0.062633
0.380000 0.065293
0.390000 0.072840
0.400000 0.074887
0.410000 0.081527
0.420000 0.087720
0.430000 0.094620
0.440000 0.103860
0.450000 0.116847
0.460000 0.124973
0.470000 0.140167
0.480000 0.149067
0.490000 0.177320
0.500000 0.199913
0.510000 0.223333
0.520000 0.260873
0.530000 0.312480
0.540000 0.367907
0.550000 0.422333
0.560000 0.598153
0.570000 0.802233
0.580000 1.188073
0.590000 1.661427
0.600000 2.198647
0.610000 2.208960
0.620000 2.009960
0.630000 1.851060
0.640000 1.728127
0.650000 1.632853
0.660000 1.566167
0.670000 1.510520
0.680000 1.468780
0.690000 1.424873
0.700000 1.389540
0.710000 1.361013
0.720000 1.335687
0.730000 1.311240
0.740000 1.290093
0.750000 1.271727
0.760000 1.252940
0.770000 1.238947
0.780000 1.220880
0.790000 1.207227
0.800000 1.193140
0.810000 1.181400
0.820000 1.168220
0.830000 1.156687
0.840000 1.146220
0.850000 1.135740
0.860000 1.126160
0.870000 1.116247
0.880000 1.107087
0.890000 1.098500
0.900000 1.089493
0.910000 1.081367
0.920000 1.073667
0.930000 1.065213
0.940000 1.057660
0.950000 1.050460
0.960000 1.042587
0.970000 1.034687
0.980000 1.026820
0.990000 1.018440
