0.000000 0.000000
0.010000 0.004140
0.020000 0.005117
0.030000 0.005670
0.040000 0.006298
0.050000 0.007060
0.060000 0.007981
0.070000 0.009124
0.080000 0.009587
0.090000 0.010603
0.100000 0.011702
0.110000 0.012692
0.120000 0.013632
0.130000 0.014724
0.140000 0.015295
0.150000 0.016787
0.160000 0.017625
0.170000 0.018432
0.180000 0.019987
0.190000 0.020781
0.200000 0.022044
0.210000 0.023162
0.220000 0.024679
0.230000 0.025714
0.240000 0.027975
0.250000 0.029346
0.260000 0.031289
0.270000 0.032330
0.280000 0.034019
0.290000 0.037505
0.300000 0.039060
0.310000 0.040902
0.320000 0.044203
0.330000 0.046813
0.340000 0.049956
0.350000 0.052667
0.360000 0.056895
0.370000 0.058724
0.380000 0.064013
0.390000 0.066552
0.400000 0.072178
0.410000 0.076362
0.420000 0.086635
0.430000 0.089333
0.440000 0.100438
0.450000 0.112070
0.460000 0.123848
0.470000 0.131041
0.480000 0.146146
0.490000 0.168870
0.500000 0.188476
0.510000 0.216819
0.520000 0.248883
0.530000 0.301175
0.540000 0.357238
0.550000 0.462806
0.560000 0.572089
0.570000 0.807619
0.580000 1.189511
0.590000 1.777759
0.600000 2.204298
0.610000 2.215816
0.620000 2.018743
0.630000 1.855410
0.640000 1.722025
0.650000 1.627105
0.660000 1.557124
0.670000 1.503403
0.680000 1.459016
0.690000 1.421467
0.700000 1.385232
0.710000 1.361086
0.720000 1.333206
0.730000 1.310895
0.740000 1.289346
0.750000 1.268368
0.760000 1.251873
0.770000 1.234470
0.780000 1.219492
0.790000 1.204990
0.800000 1.191949
0.810000 1.178463
0.820000 1.166844
0.830000 1.155905
0.840000 1.145124
0.850000 1.134375
0.860000 1.124533
0.870000 1.114540
0.880000 1.106400
0.890000 1.097289
0.900000 1.088705
0.910000 1.080229
0.920000 1.072711
0.930000 1.064883
0.940000 1.056705
0.950000 1.049752
0.960000 1.042184
0.970000 1.034337
0.980000 1.026451
0.990000 1.018159
