0.000000 0.000000
0.010000 0.004188
0.020000 0.004885
0.030000 0.005321
0.040000 0.006079
0.050000 0.006939
0.060000 0.007642
0.070000 0.008576
0.080000 0.009309
0.090000 0.010273
0.100000 0.011030
0.110000 0.011988
0.120000 0.013188
0.130000 0.014000
0.140000 0.014873
0.150000 0.015818
0.160000 0.016418
0.170000 0.017739
0.180000 0.019364
0.190000 0.019673
0.200000 0.021552
0.210000 0.022345
0.220000 0.023982
0.230000 0.025309
0.240000 0.026673
0.250000 0.027848
0.260000 0.028964
0.270000 0.031794
0.280000 0.033527
0.290000 0.035279
0.300000 0.037618
0.310000 0.039006
0.320000 0.042364
0.330000 0.044273
0.340000 0.047461
0.350000 0.049994
0.360000 0.053861
0.370000 0.056533
0.380000 0.061685
0.390000 0.066279
0.400000 0.070836
0.410000 0.079873
0.420000 0.085267
0.430000 0.092230
0.440000 0.098503
0.450000 0.108091
0.460000 0.116558
0.470000 0.130491
0.480000 0.142103
0.490000 0.160218
0.500000 0.189661
0.510000 0.209545
0.520000 0.240885
0.530000 0.295297
0.540000 0.355358
0.550000 0.446673
0.560000 0.592291
0.570000 0.841352
0.580000 1.219418
0.590000 1.688848
0.600000 2.067376
0.610000 2.222570
0.620000 2.034139
0.630000 1.841788
0.640000 1.711842
0.650000 1.621327
0.660000 1.553218
0.670000 1.503885
0.680000 1.453121
0.690000 1.418958
0.700000 1.385212
0.710000 1.356770
0.720000 1.329412
0.730000 1.308333
0.740000 1.285491
0.750000 1.267139
0.760000 1.248552
0.770000 1.228255
0.780000 1.217733
0.790000 1.203921
0.800000 1.190661
0.810000 1.177576
0.820000 1.165770
0.830000 1.154861
0.840000 1.143491
0.850000 1.133376
0.860000 1.123776
0.870000 1.114206
0.880000 1.105400
0.890000 1.096273
0.900000 1.087812
0.910000 1.079812
0.920000 1.071673
0.930000 1.064224
0.940000 1.056418
0.950000 1.048794
0.960000 1.041333
0.970000 1.033842
0.980000 1.025921
0.990000 1.020527
