0.000000 0.000000
0.010000 0.004070
0.020000 0.004661
0.030000 0.005119
0.040000 0.005843
0.050000 0.006881
0.060000 0.007345
0.070000 0.008446
0.080000 0.009049
0.090000 0.009751
0.100000 0.010823
0.110000 0.011670
0.120000 0.012812
0.130000 0.013577
0.140000 0.014128
0.150000 0.015339
0.160000 0.016267
0.170000 0.017293
0.180000 0.018267
0.190000 0.019362
0.200000 0.020400
0.210000 0.022023
0.220000 0.023014
0.230000 0.024580
0.240000 0.025722
0.250000 0.027472
0.260000 0.028899
0.270000 0.030290
0.280000 0.032116
0.290000 0.034180
0.300000 0.036267
0.310000 0.037826
0.320000 0.040458
0.330000 0.043675
0.340000 0.045948
0.350000 0.048301
0.360000 0.052232
0.370000 0.055235
0.380000 0.059554
0.390000 0.065014
0.400000 0.069310
0.410000 0.073293
0.420000 0.079345
0.430000 0.088093
0.440000 0.095328
0.450000 0.103409
0.460000 0.114725
0.470000 0.126238
0.480000 0.137513
0.490000 0.159490
0.500000 0.179623
0.510000 0.204493
0.520000 0.242904
0.530000 0.286997
0.540000 0.341594
0.550000 0.441577
0.560000 0.586846
0.570000 0.823571
0.580000 1.066667
0.590000 1.788939
0.600000 2.217177
0.610000 2.243693
0.620000 2.001333
0.630000 1.822609
0.640000 1.701646
0.650000 1.622255
0.660000 1.550951
0.670000 1.496017
0.680000 1.450713
0.690000 1.411878
0.700000 1.381693
0.710000 1.353420
0.720000 1.328052
0.730000 1.305287
0.740000 1.283687
0.750000 1.265223
0.760000 1.247635
0.770000 1.231583
0.780000 1.215890
0.790000 1.202035
0.800000 1.184319
0.810000 1.176835
0.820000 1.164713
0.830000 1.153223
0.840000 1.146307
0.850000 1.128562
0.860000 1.122539
0.870000 1.113438
0.880000 1.103988
0.890000 1.095710
0.900000 1.087501
0.910000 1.078893
0.920000 1.071107
0.930000 1.063467
0.940000 1.055699
0.950000 1.048290
0.960000 1.040945
0.970000 1.033316
0.980000 1.025519
0.990000 1.020243
