0.000000 0.000000
0.010000 0.003950
0.020000 0.004600
0.030000 0.004972
0.040000 0.005628
0.050000 0.006439
0.060000 0.007239
0.070000 0.008050
0.080000 0.008378
0.090000 0.009839
0.100000 0.010378
0.110000 0.011222
0.120000 0.012106
0.130000 0.013172
0.140000 0.014261
0.150000 0.014456
0.160000 0.015772
0.170000 0.016867
0.180000 0.017800
0.190000 0.019022
0.200000 0.019911
0.210000 0.021456
0.220000 0.022172
0.230000 0.023544
0.240000 0.025622
0.250000 0.026022
0.260000 0.027689
0.270000 0.029400
0.280000 0.031656
0.290000 0.032750
0.300000 0.034733
0.310000 0.036822
0.320000 0.039100
0.330000 0.042133
0.340000 0.045728
0.350000 0.046878
0.360000 0.050917
0.370000 0.053711
0.380000 0.057256
0.390000 0.063172
0.400000 0.066356
0.410000 0.072339
0.420000 0.077644
0.430000 0.085422
0.440000 0.094683
0.450000 0.098200
0.460000 0.110483
0.470000 0.120311
0.480000 0.139911
0.490000 0.152906
0.500000 0.173461
0.510000 0.205900
0.520000 0.230311
0.530000 0.279844
0.540000 0.342078
0.550000 0.425733
0.560000 0.578289
0.570000 0.828872
0.580000 1.033072
0.590000 1.771911
0.600000 2.247161
0.610000 2.224972
0.620000 2.007456
0.630000 1.816222
0.640000 1.702494
0.650000 1.611633
0.660000 1.540933
0.670000 1.493533
0.680000 1.447672
0.690000 1.412767
0.700000 1.378644
0.710000 1.349689
0.720000 1.324322
0.730000 1.302506
0.740000 1.281439
0.750000 1.263450
0.760000 1.246350
0.770000 1.229333
0.780000 1.214383
0.790000 1.200300
0.800000 1.187411
0.810000 1.175578
0.820000 1.163772
0.830000 1.151789
0.840000 1.141944
0.850000 1.131539
0.860000 1.121667
0.870000 1.112511
0.880000 1.103511
0.890000 1.094683
0.900000 1.086217
0.910000 1.078272
0.920000 1.070261
0.930000 1.062556
0.940000 1.055394
0.950000 1.047761
0.960000 1.040372
0.970000 1.030372
0.980000 1.025072
0.990000 1.019933
