0.000000 0.000000
0.010000 0.003797
0.020000 0.004352
0.030000 0.004976
0.040000 0.005627
0.050000 0.006320
0.060000 0.007120
0.070000 0.007787
0.080000 0.008613
0.090000 0.009189
0.100000 0.010107
0.110000 0.011157
0.120000 0.011787
0.130000 0.012757
0.140000 0.013605
0.150000 0.014272
0.160000 0.015312
0.170000 0.016288
0.180000 0.017392
0.190000 0.018299
0.200000 0.019099
0.210000 0.019979
0.220000 0.021781
0.230000 0.023184
0.240000 0.024187
0.250000 0.025397
0.260000 0.026917
0.270000 0.028747
0.280000 0.030571
0.290000 0.032053
0.300000 0.034064
0.310000 0.035968
0.320000 0.038411
0.330000 0.040539
0.340000 0.043717
0.350000 0.046341
0.360000 0.048933
0.370000 0.052928
0.380000 0.056251
0.390000 0.061637
0.400000 0.064229
0.410000 0.068629
0.420000 0.074843
0.430000 0.081739
0.440000 0.088811
0.450000 0.096987
0.460000 0.106891
0.470000 0.116427
0.480000 0.131152
0.490000 0.150613
0.500000 0.163979
0.510000 0.192043
0.520000 0.226203
0.530000 0.258709
0.540000 0.309648
0.550000 0.405979
0.560000 0.526267
0.570000 0.725888
0.580000 1.115237
0.590000 1.794347
0.600000 2.286485
0.610000 2.230869
0.620000 1.993675
0.630000 1.815664
0.640000 1.688816
0.650000 1.604891
0.660000 1.540160
0.670000 1.487504
0.680000 1.444325
0.690000 1.409232
0.700000 1.377109
0.710000 1.347941
0.720000 1.322955
0.730000 1.301141
0.740000 1.279504
0.750000 1.262187
0.760000 1.244309
0.770000 1.227659
0.780000 1.213136
0.790000 1.198997
0.800000 1.185605
0.810000 1.174005
0.820000 1.162384
0.830000 1.150949
0.840000 1.140421
0.850000 1.130181
0.860000 1.120944
0.870000 1.111611
0.880000 1.102528
0.890000 1.093669
0.900000 1.085547
0.910000 1.077584
0.920000 1.069851
0.930000 1.062432
0.940000 1.054763
0.950000 1.047093
0.960000 1.039781
0.970000 1.032640
0.980000 1.024928
0.990000 1.016624
